Log file created at: 2023/01/18 15:45:24
Running on machine: m16
Log line format: [IWEF]mmdd hh:mm:ss.uuuuuu threadid file:line] msg
I0118 15:45:24.592017 49287 ins_eskf_node.cpp:22] INS ESKF STARTED.
I0118 15:45:24.592183 49287 ins_eskf_ROS_wrapper.cpp:15] imu topic : /kitti/oxts/imu/extract
I0118 15:45:24.592190 49287 ins_eskf_ROS_wrapper.cpp:16] gps topic : /kitti/oxts/gps/fix
I0118 15:45:24.592192 49287 ins_eskf_ROS_wrapper.cpp:17] using dataset: kitti
I0118 15:45:24.592195 49287 ins_eskf_ROS_wrapper.cpp:20] Using imu and vel in kitti for initialization.
I0118 15:45:24.592243 49287 ins_eskf.cpp:16] state_std = 
0.001 00000 00000 00000 00000 00000 00000 00000 00000 00000 00000 00000 00000 00000 00000 00000 00000 00000
00000 0.001 00000 00000 00000 00000 00000 00000 00000 00000 00000 00000 00000 00000 00000 00000 00000 00000
00000 00000 0.001 00000 00000 00000 00000 00000 00000 00000 00000 00000 00000 00000 00000 00000 00000 00000
00000 00000 00000 0.001 00000 00000 00000 00000 00000 00000 00000 00000 00000 00000 00000 00000 00000 00000
00000 00000 00000 00000 0.001 00000 00000 00000 00000 00000 00000 00000 00000 00000 00000 00000 00000 00000
00000 00000 00000 00000 00000 0.001 00000 00000 00000 00000 00000 00000 00000 00000 00000 00000 00000 00000
00000 00000 00000 00000 00000 00000 0.001 00000 00000 00000 00000 00000 00000 00000 00000 00000 00000 00000
00000 00000 00000 00000 00000 00000 00000 0.001 00000 00000 00000 00000 00000 00000 00000 00000 00000 00000
00000 00000 00000 00000 00000 00000 00000 00000 0.001 00000 00000 00000 00000 00000 00000 00000 00000 00000
00000 00000 00000 00000 00000 00000 00000 00000 00000 0.001 00000 00000 00000 00000 00000 00000 00000 00000
00000 00000 00000 00000 00000 00000 00000 00000 00000 00000 0.001 00000 00000 00000 00000 00000 00000 00000
00000 00000 00000 00000 00000 00000 00000 00000 00000 00000 00000 0.001 00000 00000 00000 00000 00000 00000
00000 00000 00000 00000 00000 00000 00000 00000 00000 00000 00000 00000 0.001 00000 00000 00000 00000 00000
00000 00000 00000 00000 00000 00000 00000 00000 00000 00000 00000 00000 00000 0.001 00000 00000 00000 00000
00000 00000 00000 00000 00000 00000 00000 00000 00000 00000 00000 00000 00000 00000 0.001 00000 00000 00000
00000 00000 00000 00000 00000 00000 00000 00000 00000 00000 00000 00000 00000 00000 00000 0.001 00000 00000
00000 00000 00000 00000 00000 00000 00000 00000 00000 00000 00000 00000 00000 00000 00000 00000 0.001 00000
00000 00000 00000 00000 00000 00000 00000 00000 00000 00000 00000 00000 00000 00000 00000 00000 00000 0.001
I0118 15:45:25.082958 49287 ins_eskf_ROS_wrapper.cpp:116] initialization completed.
I0118 15:45:25.173432 49287 ins_eskf_ROS_wrapper.cpp:329] kitti gps odom pos : 0.224528 0.40444 0.00329588
I0118 15:45:25.173455 49287 ins_eskf_ROS_wrapper.cpp:332] imu odom pos : 0.479827 -0.0196947 0.00114719
I0118 15:45:25.173458 49287 ins_eskf_ROS_wrapper.cpp:335] DEBUG imu odom and kitti gps odom published.
I0118 15:45:25.283349 49287 ins_eskf_ROS_wrapper.cpp:329] kitti gps odom pos : 0.476423 0.832047 0.0102081
I0118 15:45:25.283368 49287 ins_eskf_ROS_wrapper.cpp:332] imu odom pos : 1.01252 -0.059111 0.00447629
I0118 15:45:25.283371 49287 ins_eskf_ROS_wrapper.cpp:335] DEBUG imu odom and kitti gps odom published.
I0118 15:45:25.383330 49287 ins_eskf_ROS_wrapper.cpp:329] kitti gps odom pos : 0.711832 1.20835 0.0153349
I0118 15:45:25.383353 49287 ins_eskf_ROS_wrapper.cpp:332] imu odom pos : 1.50141 -0.10924 0.00897843
I0118 15:45:25.383358 49287 ins_eskf_ROS_wrapper.cpp:335] DEBUG imu odom and kitti gps odom published.
